3672 53 Volkswagen 4.87 5 5 90259
7341 28 BMW 5.72 6 5 20206
3672 66 Aston_Martin 5.38 9 1 68363
3805 69 Chevrolet 6.1 9 5 29812
3871 29 Volkswagen 7.58 7 3 35348
7820 52 Kia 1.88 10 4 20949
3672 66 Maserati 5.24 3 4 46596
3871 53 Ford 0.6 9 5 81922
7341 17 Chevrolet 7.29 3 4 39605
7820 77 Mitsubishi 0.71 10 4 68367
3672 31 Mazda 2.45 9 3 67365
7341 67 Chevrolet 5.88 1 3 25073
3672 50 Cadillac 4.95 9 2 62622
3805 20 Ferrari 1.48 9 1 85816
3871 27 Plymouth 0.18 10 1 72707
7820 71 Infiniti 6.65 6 5 60725
3672 22 Buick 4.97 9 4 42281
3871 78 Chevrolet 2.19 1 1 47785
7341 18 Nissan 0.83 7 5 77641
7820 60 Lexus 4.67 9 2 47126
3672 64 Dodge 4.35 3 2 19102
7341 10 Volvo 7.23 1 5 38672
3672 23 Ford 1.05 2 1 72147
3805 25 Mitsubishi 5.94 7 3 94932
3871 54 Mazda 0.16 4 4 66817
7820 21 Buick 0.26 1 5 35224
3672 50 GMC 0.86 9 4 50033
3871 13 Volkswagen 7 1 2 55011
7341 34 Pontiac 4.54 9 1 53023
7820 53 Honda 5.86 6 2 54114
3672 54 Pontiac 3.65 3 5 55759
7341 74 BMW 3.51 2 3 42061
3672 21 Suzuki 1.08 10 2 48750
3805 4 Chevrolet 4.21 3 5 12522
3871 18 Hyundai 0.45 8 2 97959
7820 34 Porsche 2.24 2 4 25289
3672 38 Audi 5.13 3 1 59761
3871 37 Ford 0.42 3 5 52385
7341 64 Pontiac 2.73 1 2 86195
7820 75 Volvo 2.36 9 1 78665
3672 27 Cadillac 2.91 3 3 85833
7341 18 Dodge 0.46 3 1 32685
3672 46 Subaru 1.92 2 5 98000
3805 47 Land_Rover 5.72 6 4 50506
3871 6 Mazda 3.68 8 4 90630
7820 42 Ford 1.6 6 3 44654
3672 19 Volkswagen 3.21 10 2 23489
3871 3 Mercedes-Benz 3.98 8 2 25777
7341 67 Studebaker 5.42 4 1 38461
7820 7 Oldsmobile 0.43 5 5 54995
3672 39 Dodge 1.28 5 2 21575
7341 5 Nissan 6.41 10 5 20941
3672 13 Mitsubishi 5.28 10 1 45614
3805 37 Mercury 0.26 7 5 49720
3871 72 Honda 0.47 7 1 69203
7820 74 Mazda 2.52 10 1 79541
3672 31 Volkswagen 3.3 8 2 79634
3871 76 Ford 6.98 9 4 11922
7341 61 Nissan 4.7 10 2 21467
7820 67 Chevrolet 7.25 7 3 85390
3672 40 Pontiac 4.04 9 2 69588
7341 49 Chevrolet 0.63 6 1 29758
3672 65 GMC 1.43 3 5 90542
3805 63 Cadillac 4.63 6 2 98109
3871 66 Toyota 5 8 4 66967
7820 34 BMW 1.6 3 1 81287
3672 55 Toyota 3.54 8 1 57156
3871 63 Alfa_Romeo 6.91 10 5 77228
7341 66 Chevrolet 6.5 3 2 25601
7820 13 Isuzu 6.86 3 5 63829
3672 29 Mercury 0.64 1 4 71140
7341 80 Chevrolet 3.89 10 3 68259
3672 52 Nissan 5.77 4 5 91923
3805 28 Mitsubishi 3.24 7 5 10307
3871 47 Shelby 3.4 10 3 13860
7820 63 Mercury 4.22 7 1 48361
3672 38 Saturn 1.4 1 2 97636
3871 29 Pontiac 1.24 9 4 87864
7341 4 Ford 5.11 10 4 48870
7820 67 Jeep 2.82 2 2 62612
3672 31 Hyundai 5.55 1 5 60658
7341 21 Hyundai 0.47 3 1 11766
3672 9 Mazda 2.13 9 5 40152
3805 70 Toyota 5.09 7 2 97194
3871 44 Subaru 4.86 1 2 93856
7820 30 Buick 6.46 4 3 31574
3672 16 Infiniti 2.48 8 5 36297
3871 45 Volkswagen 2.37 1 4 24948
7341 65 Land_Rover 5.09 3 4 38093
7820 51 Buick 0.49 2 4 55700
3672 66 Chevrolet 1.53 3 1 39428
7341 62 Ford 4.89 3 4 39916
3672 38 Nissan 0.12 10 5 40773
3805 30 Lexus 6.61 10 1 64016
3871 20 Mazda 1.25 2 3 23111
7820 41 Volvo 3.5 10 2 51629
3672 71 Porsche 3.84 2 4 98521
3871 71 Buick 6.28 6 4 55698
7341 63 Chevrolet 7.54 3 2 94424
7820 80 Cadillac 1.75 10 4 81448

